.Random.seed <-
c(10403L, 10L, -1615032507L, 390880159L, 951857446L, -1219124816L, 
65632851L, -56752783L, 234300576L, -124771266L, -11130039L, -783951365L, 
185793994L, 162411308L, 347044655L, -1434238491L, -1354748772L, 
-1554863886L, 1871602029L, 1509838503L, 2012733646L, -1400459736L, 
-2093058517L, 1781226569L, -267567784L, 2003911686L, -140417567L, 
401125235L, 732933090L, -218823852L, -2066280873L, 1719522893L, 
551840228L, -1795423286L, -210999755L, 776539279L, 1366926742L, 
641038656L, -2102037501L, 683951649L, 136565008L, 1351048942L, 
-853294439L, -1083442389L, 787121690L, -1628672804L, -226189089L, 
-920678731L, -1897150388L, -819964766L, -761248771L, 960463095L, 
-1859828194L, 922302680L, 1367469115L, -1789364775L, -1307012248L, 
1266949782L, 483072017L, 192805315L, -1888303662L, 1544334436L, 
1996667815L, -303852291L, -2033733388L, -1957173286L, -144843995L, 
1844783679L, -587910714L, 287942224L, 447462003L, 1833434769L, 
-150378816L, 558370974L, -1671201687L, -556578661L, -2135995990L, 
-239586868L, 877452431L, -532245307L, 124482684L, -885135150L, 
680495181L, -420642553L, -2054695698L, -1095418424L, 1176421067L, 
-1190982871L, 1884810104L, -1118580570L, 1625115329L, 771595091L, 
-397023230L, 807388468L, 1824853687L, 1512624813L, -1016814652L, 
-697193494L, 1024775253L, -1302025745L, -348278282L, -1947769056L, 
-388777757L, -1626747519L, -405705744L, 53187214L, -444217863L, 
538105739L, 973595578L, 622787260L, -2108780033L, 338689877L, 
2103400556L, -2080838462L, -985741539L, 789347735L, -1669194498L, 
-930904392L, 1527224475L, -1813309703L, 1689368648L, -278975626L, 
-882364751L, 988577507L, 226766258L, 1739658756L, -1660179129L, 
-1236735971L, -1060180332L, 625780282L, 1780328581L, -1697931937L, 
-709872154L, -288265104L, -753995885L, -1543731151L, 362006240L, 
-592498818L, 1115350537L, 607800891L, 856518666L, -1815097364L, 
-164158353L, 1425685413L, 609147740L, 984876850L, -2033297875L, 
1492540647L, -875942386L, 1056166888L, 1935232491L, -763586935L, 
-773069288L, -658887354L, 475335585L, 1099163187L, 1941584802L, 
-2062946668L, 205368599L, 2325261L, 44632612L, -1928629750L, 
-1672942731L, 577679055L, 2113511894L, 25693568L, 1551238595L, 
-31792287L, 371268048L, 536260910L, -2117068583L, 1856049899L, 
238092122L, -1937954532L, 1163255839L, 67161205L, 322083084L, 
1409643746L, 860085693L, 698534455L, -46483234L, -440175592L, 
1508920187L, 1726831385L, -350943320L, 1085654870L, -1649762351L, 
1757543299L, 122994194L, 685365668L, -1015661209L, 1565393597L, 
512197172L, 101792154L, 810657253L, 501735807L, -680670970L, 
1545294480L, -1933872333L, -1454315311L, 1823509120L, 380246878L, 
-510564183L, 615312219L, 904755562L, 704375820L, -1010938801L, 
-1830232827L, -1160487492L, -795297646L, -1339499635L, -1151706169L, 
-504135506L, 1532842248L, -1973661941L, -389629463L, 518651576L, 
-1038685850L, 1363651073L, -249387885L, -290603198L, -91868940L, 
215870711L, -1493408531L, 1197692804L, -1190106710L, -1671049451L, 
1977716143L, 168121782L, 1557118612L, 1825492610L, -1074503488L, 
-775395524L, -1357328240L, -998777310L, -632992760L, -645608180L, 
1352064156L, -2143079918L, -1166740608L, 2002748948L, -279036376L, 
-2080563910L, 932064720L, -1746495380L, -35248844L, 1684761234L, 
-1450770592L, -179474612L, 409548768L, 487443362L, 512498600L, 
1015835020L, 205434044L, 1242743154L, -1786365712L, -623011772L, 
246170968L, 352807482L, -2000867472L, -1970041796L, 1946096404L, 
511768002L, -993812768L, 1636797308L, 981517008L, 368884898L, 
-1258872792L, 304503052L, 1141947324L, -327742158L, -1960091200L, 
-1555621324L, 1706291144L, -535163718L, 888246672L, -69398036L, 
453740116L, 1819088018L, 1361249056L, 1067573708L, -1867086368L, 
-1754073406L, 215906344L, 1023534764L, -354479940L, 749600242L, 
1669377328L, 1394304164L, -1107850568L, -1900299942L, 710543760L, 
-926599300L, 261810452L, 842358594L, 762310400L, 1272665020L, 
-1554717872L, 170086178L, 1952101704L, 1138322956L, 1441400924L, 
-1928965934L, 1435426304L, -892133036L, -127373848L, -1840600070L, 
-333439792L, -1040688852L, -1378855180L, -1209492078L, 1554976864L, 
-897321716L, -1077753120L, -1447948958L, -2013166936L, -1638217140L, 
-1505258116L, 1253058866L, 754621552L, 2031946564L, -1612234280L, 
691266682L, 1594279472L, -822426948L, -2125540524L, -1139367870L, 
390695328L, -1411991876L, 285134288L, -483340958L, 558753768L, 
1320804300L, 635126524L, 1118406130L, -2035975040L, 411203828L, 
1350556296L, 1056009018L, -1839032496L, -473851284L, 864987284L, 
1454686546L, 314607328L, -1647175988L, -2062174048L, -1989331070L, 
-751958296L, -429015316L, 1456734268L, 873662066L, -1597016976L, 
300202532L, 1283156024L, -364433382L, 1198065360L, 935984188L, 
-2022409068L, -1843320702L, 162815936L, -474814148L, 1103414928L, 
-981639134L, -1703299064L, -1159701364L, -1324911588L, 1902242450L, 
-865226624L, -1402731500L, 786069800L, 187873850L, -561662768L, 
1328583788L, 902114996L, 1183787026L, 1441433568L, 593945548L, 
-1638097440L, -284605918L, 1328655656L, -300661492L, -933036484L, 
385003762L, -1218851088L, -1468690620L, -1974141352L, 1033988666L, 
-157339920L, -1314402116L, 2021118484L, 56153282L, -1305578400L, 
268180860L, -843788080L, -921598942L, -2138390872L, 981615500L, 
2034380220L, 1776491570L, -297294016L, -8797004L, -722041016L, 
118934202L, -1745821936L, 1960213740L, -1572912044L, 1039240978L, 
576993184L, -701574196L, -833498272L, 463553730L, 1634932264L, 
1335711148L, 1095519036L, 1475262322L, -1830430928L, 1379612196L, 
1193133112L, 1106501850L, -847530608L, 2117892860L, -448253036L, 
1921431362L, 922050048L, 424945212L, 730524240L, -1913547102L, 
-1299635384L, 1325715980L, 1109113052L, 1029077586L, -186036096L, 
1458047828L, 2008106472L, -262406L, 1459235664L, -1631032276L, 
258369908L, -855083374L, 562802272L, 1847305868L, 683480928L, 
-351028510L, -500911960L, -832832308L, -1858936324L, -68681806L, 
929999344L, -1703713340L, -80872616L, -1007472774L, -507062864L, 
-2061281860L, 1313293396L, 613861314L, -2034841824L, 355339976L, 
-1513317391L, -203141789L, 1613235556L, -2001721198L, 328719719L, 
-279681231L, 161938550L, 299001236L, 1665012133L, -427873617L, 
-958104728L, -1351104698L, 1715535603L, 1376518229L, 1576868914L, 
-915719680L, -1549239575L, -1990557349L, 1836108716L, 632211386L, 
-1800441489L, 439589625L, -1380420722L, 337722972L, -1383625523L, 
-1304136649L, 1116847808L, 457623966L, -1900998037L, -1556514323L, 
879192154L, 434755352L, -407643007L, -1260328397L, -157190060L, 
1888468066L, -629312777L, -1293484735L, -1428468794L, 1226037508L, 
252631221L, -1083750497L, 1594042360L, 1798937046L, 468492387L, 
2082395173L, 823108546L, 1638373552L, -315624231L, 453874251L, 
-255938372L, -638343446L, 475322143L, 829933481L, -618548930L, 
-1542277076L, -1050016131L, 2141341895L, -108698192L, -1786200114L, 
247055611L, 231633757L, 656554122L, 1715488424L, -1510299119L, 
1422441219L, -1399419388L, -1294287310L, -200589689L, 886182609L, 
-547871658L, 2119298100L, 1618595653L, 1437521295L, 370480392L, 
-537516250L, 85870547L, -511350475L, 1385291922L, -346054560L, 
696374729L, 1194863867L, 289481420L, -709728422L, 310194767L, 
-1005480167L, 1224614190L, -819199172L, -1414526803L, 1938262871L, 
-932561248L, -1292208130L, -495903029L, 1790275789L, 1338184698L, 
-1034444744L, 481819105L, 539902611L, 477907124L, 1949260226L, 
1313997271L, 1061973537L, -1296898586L, 2030140644L, -173816811L, 
-378080193L, -1835009064L, 1609477622L, -1242182141L, -187553467L, 
160263522L, 2125074128L, -961353223L, 69400875L, 393347740L, 
-136107830L, 894730687L, -1622113015L, 1317406238L, 347167692L, 
-1042384483L, -1781296089L, -1757996464L, 1049356014L, 603373467L, 
210177533L, -1046712086L, -489983096L, 938876209L, 1468302755L, 
941797796L, 21095506L, 1280802727L, -999212047L, 479641398L, 
-456320044L, -2097548955L, -1780535953L, 1989160872L, 240485638L, 
-1921823693L, -1818711403L, -1893229838L, 1284703040L, -406083415L, 
909565211L, -111097108L, -1797368070L, 740755247L, 1857070905L, 
